0 1 -6.898720476794571 -6.829432640094861 -2.4412738374901704 -2.16856430298564
0 27 -6.817720547611261 -6.709204520457573 -2.333969047417097 -2.3162142847537237
0 36 -6.86917589516977 -6.7962127073561245 -2.409965080283186 -2.1481571702879396
0 49 -6.807028526541152 -6.793080988372537 -2.423416807833046 -2.4178889613131345
0 54 -6.726284476055858 -6.708613916194543 -2.3214541420388373 -2.1788997180897427
0 56 -6.875531809901816 -6.8078285405186225 -2.4150323552716086 -2.145029552559172
0 59 -6.856887297572102 -6.774299776866831 -2.391943183618059 -2.129677900373052
0 63 -6.801385725921305 -6.679263872531577 -2.395329133090883 -2.2956331761138453
0 64 -6.784770707173814 -6.6003607935387505 -2.3225324303633292 -2.2266244377398547
0 70 -6.893851144076391 -6.799889097554657 -2.4457653110337723 -2.423974307890871
0 72 -6.829955724615016 -6.67240407504208 -2.2994333060837713 -2.225434246181247
0 73 -6.852963105524554 -6.7299183497611885 -2.3562006376849265 -2.1095702740004048
0 77 -6.914047260359295 -6.756616179462521 -2.4080465426415865 -2.1603937676955023
0 78 -6.932464664720751 -6.8577097040869415 -2.478485986368431 -2.1631583606856615
0 81 -6.920478275575155 -6.879323034045002 -2.5016884525524135 -2.199120493674658
0 82 -6.800334797317375 -6.699584875184588 -2.3107698382188855 -2.1942273836627173
0 84 -6.74785020377866 -6.695212402429135 -2.4517167187118076 -2.2985333750174832
0 86 -6.839225706500403 -6.720368465499549 -2.340970856223071 -2.0834398360378565
0 88 -6.73165490949725 -6.560580513678429 -2.3521678251173426 -2.1978878668209414
1 10 -7.009998549493607 -6.86326105961555 -2.281039425169089 -2.035830535589896
1 43 -6.983529725082568 -6.9752017129737975 -2.204149827435956 -2.1575513446330117
1 53 -7.059304484270315 -6.851997933061303 -2.0877172514774305 -1.9473492714529546
1 56 -7.111326619548718 -7.08457551554853 -2.1284961329006906 -2.0770868697741807
1 59 -7.239588325626716 -6.965481151996128 -2.026610924913 -2.0053405644704956
1 62 -7.204281191185004 -7.122736270928687 -2.1841529366364565 -2.0387394382749617
1 63 -7.017521027249311 -6.997052154124237 -2.3267355643595344 -2.0947569122772007
1 71 -7.027883983518064 -6.719827019530252 -2.1361523308989496 -2.0599408482361543
1 72 -7.128245198704272 -6.897792740698171 -2.2147466694942652 -2.1501375572126413
1 73 -7.1235347911451665 -6.874027798426355 -2.1002538301817566 -1.918225711506425
1 81 -7.241445323325794 -7.043935178888317 -2.0772119657648123 -1.9551645893429266
1 92 -7.091767273790769 -7.014028314225861 -2.167263996930158 -1.9608536300840829
2 10 -7.102345932861669 -6.8390455095893685 -2.3031405193338106 -2.08076602543661
2 16 -7.144224644827575 -7.1008168741000945 -1.980565817284739 -1.9073003694595043
2 20 -7.136539321879481 -6.838170267308683 -2.154296037260703 -2.0817747527172297
2 28 -7.138507166209343 -6.9608551354670425 -2.0436739064964935 -2.032879670727594
2 47 -7.218252134585133 -6.937263144296969 -2.296577549532883 -1.9781253930711273
2 57 -7.31539159485824 -7.064926549902461 -2.274714735890775 -2.1792472257718978
2 61 -7.1843024269542965 -7.025129036354568 -2.1271610548100424 -1.9545662633846408
2 65 -7.082404295078114 -6.996685689826894 -2.1842658030788304 -2.024970839715932
2 68 -7.244848702733353 -6.9996800345892245 -2.1744413083634058 -2.047173023552264
2 76 -7.340060693535372 -7.083926922212634 -2.1111415699203038 -2.0257094087304703
2 80 -7.153276389729031 -6.97405224908842 -2.0666901712383035 -1.9484800530182256
2 83 -7.171086892688441 -7.100385779833825 -2.052715934924784 -1.9636888046077943
2 87 -7.2054234497640195 -7.101066430534456 -2.265711979160831 -2.017251070903284
2 98 -7.22617915175801 -7.115308990832501 -2.218733660907778 -1.8998519745004203
3 5 -7.019371546604272 -6.843712059529912 -2.2188740943871026 -1.9812361897935942
3 7 -7.131158238122314 -7.102094533077737 -2.2585907825839784 -2.013023982197207
3 12 -6.996230290210728 -6.95294208017601 -2.1224823218294047 -2.115399485774659
3 23 -7.053780132434573 -6.930911891541137 -2.324450349564266 -2.1597793500338405
3 27 -7.071729703437245 -6.893703736232249 -2.293133926788828 -2.1455729579988225
3 35 -6.965492903227265 -6.906906330677201 -2.167024778977429 -2.0726176165382513
3 39 -7.144316658868389 -7.053738876935737 -2.2714688953520903 -2.2533395504823575
3 47 -7.02123433369469 -6.962158714686075 -2.3269635952560725 -2.1860282159900253
3 50 -6.914640054012747 -6.6528564296209955 -2.3410219622413835 -2.32101309391958
3 51 -7.048546531160734 -6.925605918853854 -2.252840740039869 -1.9685527297425756
3 54 -6.995140952328389 -6.9623439669136165 -2.270501576189319 -2.168145078105966
3 61 -7.0346508636269425 -7.025387675897846 -2.203302046060858 -2.140200808967064
3 63 -7.009681383084789 -6.868747199475935 -2.5585695941156064 -2.1745455632229884
3 64 -7.120643067583339 -6.947092431570064 -2.2535511219592435 -2.1105104094154874
3 69 -7.014152363320539 -6.754416626414655 -2.7063072966722563 -2.20281752689317
3 72 -7.086925388173297 -7.01756031592264 -2.1572719168483605 -2.135431003807321
3 79 -7.121772144986097 -7.100182403415789 -2.256057261148843 -2.018288083964201
3 82 -6.948158452210061 -6.699928176657321 -2.0436048584684428 -1.9746004189172812
3 92 -7.099370061400369 -7.097544517141095 -2.243953119288397 -2.03216691341143
4 10 -6.902189852580227 -6.5733590255566705 -2.295713435993491 -2.092425406748822
4 17 -7.153145949744429 -6.978125884974749 -2.3754485380124817 -2.3630902361808652
4 22 -6.8918145710221 -6.8582886215499475 -2.444215949310357 -2.124749910766359
4 24 -7.138410167452927 -6.928253374949127 -2.3818743162415545 -2.126790145001525
4 25 -7.033427327699168 -6.862168552601374 -2.384879000169233 -2.3253128731102977
4 26 -6.984553027675427 -6.770548200314468 -2.1921185209098195 -2.1739427140317584
4 43 -7.026263628730505 -6.777642639345014 -2.4367397804629047 -2.1801811494288197
4 48 -6.919875405417365 -6.841766186797712 -2.4318817098662424 -2.408138846711364
4 52 -7.127493955970121 -6.928865916491892 -2.339990612234221 -2.0994549552692416
4 57 -6.976171213282305 -6.722435272825249 -2.363247264071592 -2.323635659714059
4 58 -6.907938050019659 -6.871841889985874 -2.4073387123768337 -2.251890701673299
4 62 -7.034584732275719 -6.901966066157836 -2.2493709589024697 -2.006092091729217
4 78 -7.040436819199378 -6.900801723213979 -2.353827064528699 -2.131790999574708
4 83 -7.077421537179495 -6.858359614761342 -2.2867432203658704 -2.044491120635705
4 88 -6.963264222882222 -6.904463100184586 -2.343396912586524 -2.281658073539378
4 97 -6.924616962143036 -6.675447672548325 -2.4277835995316366 -2.139791749257706
5 7 -7.288702449580388 -7.176490083576482 -2.0592651202870726 -1.9028341528924657
5 18 -6.886025490434821 -6.6768817673989025 -2.349443746344186 -2.155247461448143
5 27 -7.103765398712019 -6.820312442262775 -2.282869767773551 -1.989905229878476
5 32 -6.911418212274405 -6.861137169701322 -2.3260142956665457 -2.047730593663097
5 34 -6.976516125069675 -6.9361787558274965 -2.149366825893669 -2.1114150909835994
5 36 -7.026449336946836 -6.8596224781360124 -2.134666449681327 -2.0125144458003623
5 51 -7.049792359519591 -6.8497687421366 -1.965530725684907 -1.9264973786982384
5 54 -6.995122239924634 -6.809541997531795 -2.263188536786213 -1.9765298558286855
5 74 -6.798518343552111 -6.689898228767044 -2.2886691217368127 -2.0399005971700497
5 77 -7.113322804351612 -6.9193064405556095 -2.144512765676772 -2.1163998942586577
5 79 -7.056350827099296 -7.0348464246965134 -2.2128618736492562 -2.0094788658953875
5 90 -7.002258258607308 -6.989986570853784 -2.0799390635642077 -2.0774788881521644
5 91 -6.919663647639025 -6.785267682608541 -2.217731086373618 -2.0127996497157516
6 8 -7.047994288030097 -6.933824141495473 -2.317681169146197 -2.2729922905258513
6 12 -7.150450250440054 -6.932168502774615 -2.23950958610888 -2.1653800283449973
6 15 -7.01061253821549 -6.930291389288193 -2.299343791470086 -2.1818536774204196
6 23 -7.063116001067958 -6.88152645988514 -2.358974552811349 -2.1620467870815787
6 34 -6.87417778941248 -6.803216109477158 -2.271029337388589 -2.0634610005443585
6 37 -7.046366153161108 -6.997351612446524 -2.2356106708739016 -2.0330423670322686
6 40 -6.9374841495591015 -6.867443878770184 -2.3875165281226587 -2.258019710645755
6 70 -6.89190333949875 -6.814341636586744 -2.424200103321805 -2.1939934195021946
6 74 -6.988798073448971 -6.723850960913739 -2.3361448240175453 -2.2671911842991186
6 82 -7.13813504561908 -6.68367570822264 -2.3586506149837843 -2.127593333291877
6 86 -6.988196594679839 -6.730805535403881 -2.1916265886519772 -1.9903390436504609
6 93 -6.974407482065456 -6.859562621425299 -2.1759374396683597 -2.1073659553343997
6 96 -7.035905623182855 -6.8846072787199555 -2.2928165863571195 -2.276496351653005
7 29 -7.192938414463484 -7.099586887731192 -2.135817930717468 -2.0401221609090965
7 46 -7.265836470410019 -7.218440290334553 -2.0252352829145623 -2.018863864382265
7 48 -7.148022953087679 -6.705410400865528 -2.3258130217848567 -2.1067858945081057
7 50 -7.080477949602213 -6.940345768772241 -2.45387013419711 -2.1649260187072126
7 51 -7.153213951727361 -7.081100478488367 -1.9947558131517125 -1.9591571961685983
7 53 -7.212800810615635 -6.835341483560384 -2.0325226650104304 -1.933638035755535
7 58 -7.110727972479881 -6.981918409846478 -2.3487395157582824 -2.133807892712527
7 64 -7.30408654907305 -7.105578376887331 -2.219057609822945 -2.1690407413101505
7 72 -7.15417483627769 -6.972715061154098 -2.1554156516498493 -1.9692637495103826
7 74 -7.254149555414612 -6.652480896923437 -2.1598721226698108 -1.9908447575353772
7 79 -7.2140397934333 -7.206403005936832 -2.1132337195817428 -2.05590565060479
7 81 -7.221346769516844 -7.140704754360479 -1.9562806669342863 -1.8846322439330057
7 90 -7.066263684490872 -7.037728254185092 -2.1737213883756934 -2.079823983683353
7 91 -7.202814999017726 -6.8588781340369165 -2.3270670636735584 -2.1258245476905504
7 94 -7.189191010545826 -7.11798047809986 -2.0051866740477196 -1.9992423477676893
7 97 -7.191907407036053 -6.667622833373077 -2.1146240847397046 -2.0767406567518254
7 99 -7.199388493348387 -7.18985952078484 -2.110531520428505 -2.01054923910643
8 9 -6.984940511449868 -6.902387829045806 -2.2855884977855627 -2.13767815942009
8 11 -6.925420710335185 -6.7990183439390055 -2.687797464536716 -2.2532786229107593
8 12 -7.0880619694511795 -7.000319197477781 -2.2791200932026716 -2.086949505762868
8 15 -6.932597978293835 -6.864890507387017 -2.227411686281161 -2.2255529057408956
8 18 -6.812573444257212 -6.664241656115955 -2.3388507191928936 -2.1369975747255046
8 21 -7.106815626535054 -6.814421833660193 -2.133836328702881 -2.0511225355289064
8 23 -7.143867612785639 -7.076018715511431 -2.3420764335989497 -2.298586616885992
8 34 -7.045383751004342 -6.825512209912053 -2.166727520380711 -2.1573365746876165
8 45 -6.906754129399878 -6.768202781918827 -2.1011284939804176 -2.070135883825459
8 65 -6.904657193452964 -6.883425833256241 -2.1977322182942785 -2.1830192977618585
8 67 -6.996023383251991 -6.910779028629007 -2.2413247645349346 -2.0689465588138622
8 74 -6.823793525226109 -6.785480641045109 -2.3994179509839952 -2.234055121905628
8 77 -7.185580500739571 -6.826164950302046 -2.182955235796275 -2.145882676186177
8 85 -7.014811779946603 -6.861806870121291 -2.201268585969918 -2.0903301313326583
8 96 -6.88017923958318 -6.844029263960316 -2.272049229908659 -2.184730523614843
9 10 -7.154036681434354 -6.7234157542261075 -2.1567703213837732 -2.1425195491004287
9 11 -7.026338885338748 -6.705932545437621 -2.612715234087853 -2.150027256732405
9 15 -7.060502279304448 -6.873436419971361 -2.358977780341036 -2.122220488506666
9 21 -7.0901494185237 -6.949741312407205 -2.1575488328290104 -2.092853216096188
9 29 -7.108926544134079 -7.000754274184618 -2.1872022540901734 -2.0114342749064886
9 41 -7.067879956815133 -6.972006850251774 -2.1806073742962893 -2.0718419064211107
9 55 -6.86190694381555 -6.8243017380323705 -2.035019736151994 -1.9793201089064296
9 63 -7.030059254488038 -6.883424264640573 -2.27818080058367 -2.0282135074633754
9 67 -7.0291538664709154 -7.000520061127442 -2.1054971749197153 -2.0646511793656392
9 68 -6.925324376585681 -6.84565693515648 -2.2235431033258695 -2.005401794385156
9 73 -7.152049716311193 -6.9110723244153585 -2.1236642857238235 -1.944834523469926
9 84 -7.1046635156755125 -6.635288814464075 -2.219172410129973 -2.1164774015774475
9 85 -7.158546292196624 -7.082326874815052 -2.2369289592359882 -2.0818835417853268
9 96 -7.03209204594003 -6.873710915839005 -2.2519246949712644 -2.1114843797032004
10 11 -6.9174725973716304 -6.75264859641376 -2.7767072472567667 -2.2005230920274754
10 17 -7.077793933626505 -6.921853542049 -2.3605310406608804 -2.089248459811228
10 19 -6.881804847813493 -6.759809810267045 -2.196308298394788 -2.1650510745202705
10 43 -6.83212836039658 -6.792483209071245 -2.293685760564934 -2.106033947157594
10 57 -6.862763950696902 -6.795654852275656 -2.286843845219097 -2.080428694993929
10 59 -7.145389265055251 -6.956836870024159 -2.331608725469731 -2.050270966265507
10 61 -7.140442516511018 -6.724874159028202 -2.2181558739389313 -2.1563726267982957
10 62 -7.144136938767953 -6.807961534362156 -2.2436830365783598 -1.9961792923518176
10 68 -7.1378086874452595 -6.800445597507745 -2.3142719219895396 -2.2447826272515474
10 73 -7.089607754841269 -6.869189166601956 -2.2514895085576097 -2.0818002965139626
10 76 -7.053602418337539 -6.783364882437917 -2.226623360579581 -2.016187976230911
11 14 -6.936322033936805 -6.71251883489919 -2.9366261267087657 -2.1837509999182694
11 17 -7.094750857413798 -6.852123112249089 -2.733465550730043 -2.085343498205365
11 19 -6.854602399149275 -6.795795284755816 -2.6892447624047033 -2.1338735715439183
11 23 -7.195348325580257 -6.851192285250376 -2.7464773423288698 -2.2978849389929836
11 39 -7.175214061006525 -6.879170084371798 -2.808722803170179 -2.0771665300012248
11 41 -6.957808371918336 -6.8269934758342785 -2.715801601214122 -2.163363948123276
11 47 -6.918040073568674 -6.730595990652593 -2.574289704196784 -2.3050494845392646
11 59 -7.233595770867629 -6.86892054283285 -2.775214116072092 -2.0716156138000725
11 65 -7.0169418826654395 -6.761567041907696 -2.6634914383464947 -2.275363078389223
11 67 -7.098765409514515 -6.764014651542076 -2.624486052768985 -2.1189652107563535
11 68 -6.9300455582265945 -6.788697333281509 -2.6841503202687025 -2.12002715232665
11 73 -7.0166686202871 -6.808530767493506 -2.697985030777362 -2.0263962363128507
11 84 -6.836515461654885 -6.703609745549138 -2.7187819957918307 -2.2899787502886997
11 95 -6.7802251768950015 -6.775847489996268 -2.6543852589246666 -2.285992331078793
11 96 -6.872548523907168 -6.793674422786226 -2.6826773038813845 -2.2327657849503995
12 16 -7.2354795097835325 -7.145978616031466 -2.2349318888188368 -2.05513170981797
12 23 -7.133430536565633 -7.01904371849856 -2.172739152509057 -2.13400987257518
12 29 -7.071003120137959 -7.063077583962259 -2.303738903316578 -2.130324259127101
12 30 -7.12975985337281 -6.941744474127251 -2.117162753247795 -1.974778759240749
12 35 -7.1340560946913865 -7.115450441613994 -2.104257230812489 -2.049144311297184
12 38 -7.091531921790153 -7.066274276161179 -2.281769104197268 -2.011601211908
12 40 -6.9459344232540845 -6.932897799795831 -2.2975636671994435 -2.265238820466774
12 45 -7.157514026702857 -6.991811595938158 -2.102940465036908 -2.0813233034356027
12 50 -6.994506690859015 -6.82540580054577 -2.3682848884350114 -2.218324284487771
12 61 -7.188863934641559 -6.9183897163265415 -2.140026672562406 -2.016190257655486
12 63 -6.936063228352691 -6.928312266772255 -2.2217642096149097 -2.2005292697072125
12 74 -7.166142170938368 -6.809508737313482 -2.419785028276759 -2.195046217970385
12 82 -7.144416696971391 -6.633697745181636 -2.0869977236725803 -1.934889713713214
13 15 -6.98835876023499 -6.988090318477801 -2.173126048130552 -2.0579106949081982
13 19 -7.03498361311724 -6.909660936367026 -2.3001604381711607 -2.1591639136454575
13 29 -7.2195920204862665 -7.094027286601431 -2.243465276493011 -2.0771006602168542
13 30 -7.248928694630984 -6.997588755967897 -2.093978464121828 -2.0715173998065546
13 35 -7.111002477551835 -7.042446046711822 -2.232234071539725 -2.1552090715375027
13 37 -7.304831961096296 -6.905805125265106 -2.194012232065218 -2.0985225903481006
13 63 -7.048584988109188 -6.989872934792566 -2.302093214945567 -2.0924862883350386
13 75 -7.111086682915972 -6.931498704394608 -1.9916658081751337 -1.9855801201876917
13 83 -7.064601535326642 -7.047174040760572 -2.0847736812456983 -2.038549808728024
13 86 -7.007398897665902 -6.977828807688986 -2.0572568714425734 -1.9860674628348696
13 88 -6.8894858422234835 -6.855150313541205 -2.176333322647575 -2.1626798923131316
13 94 -7.153676905134219 -7.062078968804393 -2.261019161076557 -2.0749046677231093
13 96 -6.991559830785525 -6.929147460083942 -2.2544038195325506 -2.066056139492253
13 99 -7.197721146196618 -7.010532672871894 -2.1248429820270043 -2.0688712754208796
14 17 -7.084023331752855 -6.90886991690295 -2.2746297891493485 -2.1249443143652544
14 25 -7.0008985790062805 -6.862213677224116 -2.393218394572972 -2.2268768092508524
14 39 -7.243746234301437 -6.899965681880703 -2.252747434221455 -2.18663984793402
14 46 -7.199913768329373 -6.897260113813937 -2.2371874019518008 -2.044505998934087
14 47 -6.880719029471421 -6.752450886956411 -2.2917855075915807 -2.126619601730621
14 59 -7.300975884188822 -6.898517475656093 -2.269078873999063 -2.1230192027870505
14 60 -7.088010237373593 -6.662339338036419 -2.411875815428155 -2.2763940722652083
14 65 -7.0056320852098946 -6.879749120376544 -2.2329644040388925 -2.227598517615052
14 67 -7.105322453816084 -6.772879870272678 -2.1890454525953467 -2.0982201067622057
14 69 -7.09735931139809 -6.589710301875574 -2.495493383738165 -2.4042221164988726
14 80 -7.095572571327758 -6.8324683586354675 -2.194562738494973 -2.1529019128060787
14 87 -6.939302484537588 -6.924027660781001 -2.3036396881046204 -2.1319941661163524
14 95 -7.071703577500471 -6.732024841789984 -2.359278150781 -2.153561648392491
15 21 -7.204652033290288 -6.940768769713611 -2.1999497692842613 -2.166191746423679
15 29 -7.0364927835173185 -6.796549120905539 -2.1043011583182705 -2.0719019487573713
15 34 -6.988450429170274 -6.930359631179762 -2.132666633321993 -2.1224546629736176
15 37 -7.011363396608782 -6.943923454657366 -2.1530065108088703 -1.9879373209969275
15 55 -7.025348439718251 -6.793724754290317 -2.1766963255400094 -2.045930035110389
15 63 -6.962227561184058 -6.8798360370681255 -2.2803342410409226 -2.1376236881879667
15 68 -6.914913080582673 -6.886454002026967 -2.099444729415404 -2.0979167106063343
15 75 -7.098434351529506 -6.899168430964561 -2.109095797084049 -1.9543054501834474
15 77 -7.188094245552135 -6.884352593240886 -2.186947044255583 -2.1430739328988047
15 85 -7.1521319350739105 -6.994348432014492 -2.2262624379067284 -2.1950218930999306
15 86 -6.877920531335759 -6.825130723145805 -2.0821634884568456 -1.923063651704458
15 94 -7.122655838601014 -6.952546572964454 -2.135745023560038 -1.9882532041686178
15 96 -7.146326336000363 -6.720153015158797 -2.4161814653221367 -2.175519238158478
16 23 -7.225232073053549 -7.216836341429581 -2.290365354383137 -2.022984956294394
16 28 -6.981575111132789 -6.907959256239967 -2.039095843194411 -2.009550638383571
16 29 -7.105200390063144 -7.023863751398519 -2.267434275376309 -2.0639592837549925
16 35 -7.272191959636321 -7.121608230463257 -2.12097245262559 -2.0005075568862196
16 38 -7.2037435013704885 -7.063569005418987 -2.267477164980769 -1.9379120212354886
16 42 -7.036401140930743 -6.985832243266128 -2.0905209083372682 -1.951816805340738
16 45 -7.138387907905234 -6.958403545761895 -2.004569765070999 -1.967784468085535
16 47 -7.244830276643102 -6.825856407454602 -2.183316507704584 -2.0817408007912253
16 55 -7.01149832170973 -6.860302614425974 -2.124780377368536 -2.0187182498065463
16 61 -7.24243305717486 -6.860371430605875 -2.0971423605222568 -1.9527173109939004
16 63 -7.086495014941406 -6.912403575105159 -2.3360952010456684 -2.109453499985239
16 65 -7.055303399940253 -6.847817567298763 -2.110725260072555 -1.9952214305745666
16 74 -7.118400686741082 -6.783989334833289 -2.384291185969908 -2.0971984073457115
17 19 -7.0511629861845035 -6.928654600466806 -2.2073536480540588 -2.023507063336156
17 25 -6.968600598990643 -6.790612630023333 -2.223221283297517 -2.130106478194263
17 26 -7.1792534984642185 -6.814468975439116 -2.1397182705817483 -1.9867865467369097
17 43 -7.129218538788866 -6.856222872706865 -2.171083281053001 -2.157096078122193
17 49 -7.025599012603151 -6.696977365732781 -2.3252264830546623 -2.113286107164245
17 52 -7.172949306093062 -7.0937013594689695 -2.157099553978862 -1.9378340125814275
17 57 -7.152412427453606 -7.003954458718732 -2.2908458017054 -2.134754958293188
17 59 -7.252325115537468 -7.163966165166192 -2.1488525379433985 -1.9476802524134487
17 60 -7.227631277400327 -6.607419873918308 -2.210258540482907 -2.1900507669636737
17 67 -7.0539156507154015 -7.034536761221335 -2.135865500804726 -2.0231405477949034
17 68 -7.16895024951064 -7.021950719072899 -2.2057916768351675 -2.1536822892514436
17 70 -6.993606931874678 -6.980005587341476 -2.3768705494077498 -2.1216662618724893
17 76 -7.128776306393495 -7.085502965745555 -2.105269121221839 -2.0567338161179607
17 78 -7.204749745138743 -6.903691453683456 -2.173724540119779 -2.0022766594957417
17 83 -7.136670578289147 -7.0965467229697845 -2.1211745442111 -2.0183615383852427
17 88 -6.936166790520353 -6.886009254907647 -2.225667726409347 -2.1781530523148143
17 95 -7.041083825506267 -6.717649072857251 -2.165970685371412 -2.099295312182588
18 21 -7.1347861059357145 -6.628982140212626 -2.283931771034768 -2.098188169902604
18 33 -6.930523846764066 -6.62815465644482 -2.282970874339399 -2.109284846858605
18 38 -7.117830107164496 -6.62870545399529 -2.283549709116057 -2.200748834446398
18 39 -7.196271795455095 -6.626891327191583 -2.282414913198264 -2.1147333143779345
18 45 -6.943421800073498 -6.626633603141143 -2.2812595333907844 -2.0952193127835903
18 52 -7.136349722080591 -6.628484829932666 -2.2833900187866933 -2.09760643925849
18 54 -6.905805667012522 -6.627326106275841 -2.2824454757007366 -2.149426959641715
18 56 -7.106260643414172 -6.629648707211429 -2.2839415363034306 -2.098450953617766
18 59 -7.237862381020122 -6.628272442461524 -2.2829567317036474 -2.097249700258372
18 60 -6.632516096272137 -6.6284796400068196 -2.2836207782745697 -2.219531200831629
18 69 -6.686238771604448 -6.627524370926869 -2.6317708843782763 -2.2844166651978046
18 74 -6.730788465598118 -6.629004985047493 -2.326599188002232 -2.28485058047703
18 77 -7.068172055847321 -6.626150861992285 -2.2824661438043576 -2.0977254801015244
18 79 -7.129501073557091 -6.628244057717356 -2.2834685138879167 -2.097588777208093
18 85 -7.081695541523411 -6.62832282330608 -2.284426850705146 -2.1561003095804345
19 31 -6.8816766484397105 -6.811378252793781 -2.138854464593681 -2.113522929836305
19 37 -7.129370417588877 -6.781717936158337 -2.0944444707393317 -2.0632802543864233
19 41 -7.0186757820815915 -6.744581375385204 -2.242434349674656 -2.1741361025715586
19 67 -7.008928510098631 -6.807617548458237 -2.114061564752697 -2.0741437120465545
19 68 -6.963623174966911 -6.947310964589483 -2.2221987164932098 -2.1455771425283223
19 70 -7.028111563883736 -6.801106873788337 -2.41888071879861 -2.1616493530834924
19 76 -7.008501260998334 -6.984470370946293 -2.1788737677588492 -1.9528675919188299
19 83 -6.987587105141018 -6.9102447272226994 -2.2408781770767137 -1.9971985652824582
19 86 -6.961801579918822 -6.89007776800701 -2.1709023365257747 -1.9948307683317243
19 88 -6.839985052224497 -6.8161900007509235 -2.2695345334329673 -2.1105951601379838
19 93 -7.185108509222752 -6.854323968973263 -2.301918640553304 -2.1186892058995346
19 95 -6.857976383844558 -6.768521671674332 -2.275876078813158 -2.128465085115426
19 99 -7.191957011054109 -6.934773103217413 -2.184049474023556 -2.109413986330166
20 28 -6.956564475233958 -6.904395924914278 -2.192403088305935 -2.1382851431235346
20 31 -6.971814668616439 -6.681077892237063 -2.367437193370445 -2.2653550456540335
20 33 -6.957967520601376 -6.792817403984984 -2.156303777565563 -2.129753552689511
20 42 -7.0014056330295364 -6.796346721684622 -2.2157644859552934 -2.1707081613691517
20 44 -6.933819334085725 -6.882339699642138 -2.2310297853238286 -2.2097066200448556
20 58 -6.994554010587233 -6.8058241558247055 -2.4154963379248153 -2.195137334424131
20 65 -6.952048186985955 -6.873576159471592 -2.262597922746641 -2.161632295875344
20 66 -7.238330428696866 -6.833414552167 -2.450589389974024 -2.1005596651855045
20 76 -7.007740164986245 -6.956270231032066 -2.2081856995654126 -2.151568466713546
20 80 -7.032352858450559 -6.864005244983156 -2.2279786809626505 -2.1161302802136635
20 90 -7.181423915906834 -6.800169907225469 -2.2078049768532724 -2.155375730364623
20 97 -6.799678709114856 -6.799290804687703 -2.1610827960671712 -2.150509042265186
20 98 -7.301113703397299 -6.807226615770244 -2.2948020984470663 -2.1628793520183263
20 99 -7.254953159122668 -7.2305518628768235 -2.307252812532949 -2.2174461806067898
21 28 -7.206348389990867 -6.894983456554999 -2.0907012517423005 -2.003235381974864
21 29 -7.169212662145863 -7.148753158559254 -2.183853186658297 -2.074742690853207
21 45 -7.089360199741218 -6.933275422392705 -2.0028529043850694 -1.990825020374354
21 52 -7.1766545183467665 -7.121856566756497 -2.085202281133763 -2.0397850077892943
21 55 -7.253407458890787 -6.7972645686761535 -2.2311090001526694 -2.0513187740903374
21 56 -7.2889810906417924 -7.164987375802108 -2.179185457834341 -2.0979080471549825
21 68 -7.1581919669374425 -6.913194231251512 -2.095589217647729 -2.0505616050753086
21 71 -7.124656140934533 -6.924679280079519 -2.183609976328635 -2.0417920164184955
21 75 -7.167356796140586 -7.123697999692117 -2.0800653538007627 -2.0232441548136726
21 77 -7.1323414748287375 -7.1203249957411865 -2.186721881653982 -2.152979982322872
21 85 -7.136983932305336 -7.029901832948574 -2.157772224551165 -2.097744686602949
22 33 -6.925243055766716 -6.8915473523756905 -2.1050646459055673 -2.045213010726439
22 38 -7.071994646270442 -6.973207045741782 -2.0789530651381805 -1.9791324731919284
22 43 -7.042879482735692 -6.74629039505038 -2.0672470048955263 -2.0392435759013403
22 44 -7.090084068696443 -6.808110214462293 -2.129674465642134 -2.099023354608277
22 48 -6.944166806007832 -6.787831212958095 -2.369788341812021 -2.101759713452148
22 57 -7.035519115397484 -6.889007535867337 -2.2772039156961643 -2.060120116096239
22 58 -7.008515771082075 -6.996075989695571 -2.4154434469182933 -2.1992145292812637
22 62 -7.1917416251814315 -6.956462688941942 -1.9088714950798409 -1.883237217543674
22 69 -6.931026253180341 -6.697857538411849 -2.6570294728247585 -1.9624301801467454
22 87 -7.148799172318004 -6.914864609271169 -2.3147512814790496 -2.086265321553008
22 92 -7.022995139010829 -6.984553009522321 -1.9592547031613696 -1.9261844665449839
22 97 -7.044786355874312 -6.714639255601454 -2.1315274665582455 -2.0013474830765388
23 39 -7.210300648498922 -7.123787573584218 -2.318306374976054 -2.1042603358317282
23 45 -7.167621401782441 -6.992209895534108 -2.231187935312306 -2.1357312915852247
23 47 -7.210385057419606 -6.9052317969560155 -2.29982233818344 -2.274164358483084
23 50 -7.013637968195557 -6.860523355222777 -2.396286587355391 -2.333824802046081
23 54 -7.154059859091932 -6.886591105825353 -2.300391895427668 -2.1161572835048217
23 61 -7.176118150866099 -7.011723677048326 -2.2443487573474936 -2.1165375067693333
23 63 -6.953440782611608 -6.9236941977236475 -2.26473864899927 -2.239262544524986
23 65 -7.141289106667012 -7.027414000556465 -2.249055210049764 -2.2060402113085393
23 82 -7.188840313169086 -6.733943718817963 -2.301290397669877 -1.9539779311616186
23 84 -7.163494700179942 -6.635344362297948 -2.2121313720145785 -2.2077836583541424
23 96 -7.215183630174421 -6.809394732307454 -2.2723517690414736 -2.1490458006621544
24 25 -7.072553019425858 -7.037134884345602 -2.5359203291214496 -2.291869782225926
24 26 -7.138671027154953 -7.109233610050771 -2.3418339166800557 -2.0693440185985317
24 31 -6.984165890627321 -6.722742429603267 -2.1665549798141432 -1.9705951304715679
24 32 -7.0727628787268175 -6.886760009862633 -2.4361087366007683 -2.258648133518256
24 36 -7.133382863200918 -7.123189608482645 -2.1549593460922587 -2.133151943137586
24 37 -7.187239740340079 -6.998826687140583 -2.1123049413656942 -1.9304743601074401
24 41 -7.095291044851689 -6.752346155265152 -2.1092818002904545 -1.9793151666852742
24 43 -7.128533234077994 -6.903080174081199 -2.1867228529086455 -2.0513869766684736
24 44 -7.135963518211504 -6.794603122951171 -2.079820689439037 -2.06806112679155
24 52 -7.004740911116787 -6.97618197319472 -1.961677010495166 -1.9126509543589536
24 71 -7.212341889254538 -6.821206588158104 -2.1454049447597816 -2.1441101308878787
24 85 -7.081437573842918 -6.978638723311435 -2.0603047630112887 -2.0347917906047486
24 93 -7.265262646856451 -7.07052957236709 -2.200899647046263 -2.0956393696405935
24 97 -7.009853900322495 -6.706752311620659 -2.23660720934995 -2.063423439578945
25 26 -7.1253603552312335 -7.030568085051369 -2.5097068118665824 -2.256092977370952
25 27 -6.960649511283386 -6.957536232608572 -2.3314283486317136 -2.2285606422999784
25 32 -7.077784527024054 -6.840819638754143 -2.4416780947513828 -2.306179409792216
25 36 -7.0824663497119085 -7.003354539777513 -2.3722952626262104 -2.180615167686306
25 46 -7.112299670234244 -6.98553927080175 -2.3557323808879373 -2.136830465323047
25 49 -6.844506357927343 -6.8287138108424354 -2.5690575905321062 -2.1929956553975063
25 51 -7.061526587448263 -6.943517785363475 -2.3203549267200962 -2.0991799772612434
25 52 -7.029885929156239 -6.996538684305263 -2.376402651897096 -2.1584380502121583
25 60 -7.137618483042533 -6.508196909503476 -2.5564549140497754 -2.32873545636108
25 78 -7.021909651218833 -6.938558530116505 -2.3001012386707105 -2.1514678920278802
25 87 -6.986180959565842 -6.981128860354962 -2.3648154287613212 -2.1495251794300634
25 91 -6.945431686030047 -6.626878339496598 -2.3110027582046957 -2.1262924728249653
25 95 -6.892371921852523 -6.831004958092414 -2.378801329549311 -2.244551626755876
26 32 -6.981710098878908 -6.87429357955444 -2.339980132575144 -2.090084247963277
26 36 -6.9963982119854515 -6.981770436337633 -2.0903944166870367 -2.061787144317017
26 37 -7.025133940443108 -6.982173505725504 -2.091207397919639 -1.9472969429518425
26 48 -6.981375177840472 -6.729797512341338 -2.3112342330480318 -2.090399326705201
26 49 -6.9804304312874494 -6.754088591579524 -2.3689575648641976 -2.0894617761078207
26 52 -7.140056890450316 -6.983915341284041 -2.093087698289107 -1.9015341284023175
26 78 -6.981915889099392 -6.962454295667968 -2.0909066070083786 -2.045742097875399
26 81 -7.213902277200846 -6.982059013713309 -2.0906124024675807 -1.9039830825263175
26 97 -6.982654071783049 -6.669752970639325 -2.0907099672849196 -2.088376950594236
27 36 -6.912057400539431 -6.885934288900755 -2.1534361388766903 -1.9350202993920373
27 49 -6.836958199799878 -6.775751550744696 -2.414779485276307 -2.211433343245689
27 50 -6.978603039549749 -6.83593348192168 -2.4611396509665044 -2.1783832109427097
27 51 -7.170508197001403 -6.805877565920269 -2.056762325164632 -1.9990998195237697
27 54 -6.992014386078476 -6.903637035965157 -2.2743882946081886 -2.1653225182844547
27 77 -6.988615749563127 -6.982044588048284 -2.2201107042823764 -2.037501335629682
27 78 -6.893441378908932 -6.847149983133868 -2.126356140444704 -1.9590041942245593
27 82 -6.892120594376441 -6.8326889783941 -2.1421195560676844 -2.100802898253547
27 84 -6.9023727728731155 -6.758664710129716 -2.4324629744189727 -2.127865259118935
27 91 -6.9305392067690414 -6.791304689362028 -2.236318412494769 -2.1965847238470673
28 31 -6.9281249551095865 -6.926215629184768 -2.1884850802080567 -2.0501692409015533
28 38 -7.093591590323191 -6.854954503234214 -2.2242156943336377 -1.9788301966931012
28 42 -6.95522403869565 -6.951196146084482 -2.0558345858588942 -2.0185505854533616
28 43 -6.9013824799669505 -6.9012196730637685 -2.1990315487935392 -2.014656326338519
28 44 -6.965713127373745 -6.927901599344428 -2.200568830725083 -2.083226366460785
28 55 -6.984133922273482 -6.91690337804381 -2.096093652295131 -2.070695008922698
28 61 -6.981113502377469 -6.951829059090989 -2.053554163763601 -2.0528900815409634
28 65 -7.00837042540872 -6.869449231972759 -2.1077014327830623 -2.0761369490888573
28 68 -7.019604591547518 -6.9718594630642245 -2.1952978281382656 -2.137195176885611
28 71 -6.8933885052645465 -6.861757546686892 -2.252198751437786 -2.0470247560066506
28 76 -6.940934028009708 -6.840530878258543 -1.9904574990814217 -1.95559118533029
28 85 -7.175094951384488 -6.935134549410377 -2.2601645466179594 -2.0392497108361614
29 30 -7.167750482137672 -7.05612691499268 -2.2486617560105233 -2.09342843900126
29 35 -7.191595438415035 -7.18390035717043 -2.236987167560924 -2.0782444054239746
29 38 -7.1249923254304095 -7.057835628203555 -2.213790818084948 -2.17109160585352
29 53 -7.007539580164374 -6.96433470040394 -2.049144256020394 -2.034253215168877
29 55 -7.183402589461006 -6.930017242025644 -2.2125672829859107 -2.1086109239908275
29 56 -7.135684138159294 -7.112015888917138 -2.149119877453621 -2.1333311913445403
29 63 -7.056762932249819 -6.946993113292531 -2.3107959465324686 -2.227151713389762
29 74 -7.083384429911296 -6.78724961818887 -2.3568351520252078 -2.138265200824054
29 75 -7.056338807371546 -6.9795369681159025 -2.139669206586608 -2.0042203061384796
29 81 -7.204645531864293 -7.098218746984794 -2.1374553100546745 -1.9687615876168447
29 90 -7.111658228247642 -7.104617991640453 -2.153557759159083 -2.1474320912122966
29 94 -7.237998216182519 -7.1735104354818455 -2.2589793676649585 -2.102365590597121
29 96 -7.206177541449311 -6.722072165453371 -2.205057116740937 -2.090619578360796
30 35 -7.190884442998483 -7.117472829630685 -2.1411768104699136 -2.0686146613368113
30 40 -6.9689948464575355 -6.963994136892457 -2.304427069009716 -2.1102014823034687
30 50 -6.968092622106968 -6.796195928736724 -2.3346358564541223 -2.1306199546398745
30 74 -7.145921305532756 -6.781555930193641 -2.370930246219929 -2.0661358694779466
30 76 -7.138939726583622 -7.052202139503494 -2.1387321465610607 -2.0075020793517875
30 80 -7.137101313585269 -7.028830590990235 -2.0982752437334153 -2.0895634822209295
30 83 -7.064939436043596 -7.022987770325758 -2.2055776643246934 -1.9100968423488995
30 90 -7.151180456991203 -7.042490635568341 -2.1852465011493183 -2.0045282799316584
30 94 -7.194854059462299 -6.948714444563641 -2.148825918719888 -2.053759458255002
30 98 -7.271817074789336 -7.174090176281195 -2.270114566988989 -2.075799024658432
30 99 -7.2224207170551615 -7.01275660250129 -2.2726073506902233 -1.9626392777921702
31 37 -7.083922137221367 -6.79559556404016 -2.0682551518261914 -1.9874805272179785
31 41 -6.890061114033867 -6.8613358027834845 -2.1782354646410056 -2.086373089763631
31 44 -6.964554694765257 -6.792191519708228 -2.2342759599881816 -2.06636621749131
31 68 -6.98402851226217 -6.751000977941852 -2.231894221818614 -2.050335393512483
31 71 -6.8454548642139414 -6.812844566403638 -2.202942831692993 -2.0890284985677625
31 76 -6.975100625834244 -6.9472092693253815 -1.9936879211233969 -1.954586916316373
31 85 -6.978985114114555 -6.777077550194418 -2.2076694257851908 -2.0237520681915977
31 97 -6.785404026444328 -6.756487790404959 -2.166620532429423 -2.0517162501400596
31 99 -7.170495316120181 -6.882591571892226 -2.2137503303817874 -2.148547134374307
32 33 -6.941641776802695 -6.866399853522691 -2.3356907715616138 -2.12017227800509
32 34 -6.99232005974445 -6.9132465617792835 -2.390623170715089 -2.1298425471067097
32 36 -7.086550657863075 -6.925090105509925 -2.3970726055986793 -2.157269945644857
32 41 -6.986520772270678 -6.937375734183736 -2.3983615927307045 -2.0822095682754713
32 42 -6.960261287008228 -6.8748540425400115 -2.346547737604076 -2.077467143559354
32 52 -7.288933834838603 -6.7738812115913865 -2.230521203634693 -1.9714092430838241
32 60 -6.905200857324505 -6.677703401689018 -2.3760600649342973 -2.2682300863557927
32 66 -7.0222822968462175 -6.845381595056937 -2.3372562792984226 -2.103491567285763
32 67 -6.9650473429748025 -6.912672287048463 -2.3793052563905293 -2.0335553077243924
32 85 -6.997907137003008 -6.833902993275219 -2.3032785467603563 -2.082294543160433
32 90 -7.070425951833097 -6.877878351865855 -2.346852075641969 -2.1349547390194306
32 91 -6.894973037002656 -6.794833944802955 -2.3100155270059264 -2.256511968584776
32 93 -7.181518469204163 -7.103159636555551 -2.602557979042596 -2.0710936022978776
33 38 -7.119372494591352 -7.005181500162052 -2.2356274078709983 -2.1868830416388816
33 42 -6.9519296519545 -6.937478672234361 -2.276980256906036 -2.1437516834853625
33 44 -6.94263159731556 -6.811560239008715 -2.123200513249521 -2.0294186735283968
33 45 -7.1035981235867265 -6.796798319965007 -2.2024529347950947 -2.0752997078212636
33 52 -7.072322532931578 -6.92975804276358 -2.1016664625615222 -1.9740061762676717
33 58 -6.952288295859163 -6.9164322488795165 -2.324612149379575 -2.1084771474463273
33 60 -6.900815280692626 -6.706783756240137 -2.376343647875322 -2.1255205192945312
33 66 -7.043310009106357 -6.953425657598147 -2.1388990126407763 -2.012702665319945
33 69 -6.910200459649857 -6.762158364632182 -2.736887476764923 -2.080749042911581
33 85 -6.999011898930721 -6.914901389828267 -2.1074461152746307 -2.0841137604017503
33 87 -7.0484889495521195 -6.903070313006809 -2.318211927665409 -2.0769847766114253
33 91 -6.8790340899562334 -6.845734436750069 -2.277713222093929 -2.059645985046628
33 92 -6.98869758173849 -6.8685386673385125 -2.077962881806653 -2.0266799019567014
34 36 -7.09454087780376 -6.990453133726911 -2.215857711187591 -2.130003865305267
34 37 -7.004119825357327 -6.977068382283619 -2.1591054489904495 -1.9603833697489559
34 40 -6.893580120689384 -6.862677865636028 -2.2260136489045665 -2.219247115578417
34 66 -7.0679121113108225 -7.041978837684107 -2.1466169393998342 -2.021486466762189
34 74 -7.27477396869441 -6.696031786935209 -2.2843648309312985 -2.28031166317752
34 75 -7.18560827690737 -6.93072448323988 -2.0287863000861237 -1.9999028727339196
34 77 -7.22648780556742 -6.941934153146003 -2.2638384440919133 -2.1603296828455223
34 90 -7.0722850637142844 -6.891880954051538 -2.2446551169447813 -2.004948876565844
34 93 -7.18358039451747 -6.850737521737386 -2.177682452184936 -1.9712481956346009
35 50 -6.999852426467576 -6.848062546300332 -2.4367191825976935 -2.1625782625721297
35 63 -7.03316365362197 -7.020994370184739 -2.298159387446167 -2.216995029186873
35 64 -7.280257205399603 -7.010264267713015 -2.2336941802364305 -2.059741203522467
35 72 -7.21983253764025 -6.87253612456316 -2.1140938310428554 -2.107932223194653
35 83 -7.143393745650532 -7.022235552819912 -2.1192912758585676 -1.9691979749098267
35 86 -7.184389650574676 -6.875503317877049 -2.0617264245976625 -1.920660964530242
35 88 -6.776237426326615 -6.739336619580907 -2.269077671740704 -2.0866545377874446
35 94 -7.226650239158101 -7.18542244553703 -2.0924126542392703 -2.089900224088662
36 37 -7.04443079093968 -7.03966678044916 -2.0997545865252056 -2.0390806232982532
36 49 -6.931191415381043 -6.768140926692369 -2.3801450806539335 -2.0723836071958717
36 75 -7.080505029349808 -7.046095001026679 -2.1092093730049153 -2.0361445322429863
36 77 -7.079188665552739 -7.041070066809607 -2.1345373478468206 -2.1097189698605465
36 78 -6.997558177272788 -6.840738001423991 -2.0633350341330035 -1.9540258708388485
36 81 -7.22395451980722 -7.007903766422977 -2.054459805945388 -2.026207455200292
36 91 -6.972570443643463 -6.817260914518864 -2.2537445962318574 -2.037173494896794
36 93 -7.129249224732621 -7.046466185211434 -2.190582201331784 -2.106707922148812
36 97 -7.006965667898275 -6.602645391528927 -2.123039467897746 -2.0457302836056788
37 41 -7.005294051717806 -6.963081795504467 -2.166197216968067 -1.973008653041375
37 70 -6.973558963265743 -6.963525873823495 -2.3624882866976975 -2.058939141488348
37 75 -7.171639032110223 -6.94011676043088 -1.9987483003765225 -1.8664536165820111
37 86 -7.019872823301547 -6.840045986214433 -1.9400510979413936 -1.9112947545104662
37 93 -7.074473309076242 -6.9943763173957825 -2.32762754661836 -1.8700009642681832
37 94 -7.121235187185333 -7.086981328761467 -2.0493091175062337 -1.9774694697476758
37 96 -7.024054618321607 -6.8504113802638065 -2.200780380975151 -1.9669739431685829
37 97 -6.932577992797607 -6.686547890825943 -2.1165257544315335 -1.9811054035636573
37 99 -7.176315465603589 -6.986074436931161 -2.0918948620095312 -1.934610747941062
38 42 -7.067421158536578 -7.012776488512296 -2.256805855976893 -2.1228315370660518
38 44 -7.114694904668075 -6.782931018852761 -2.249603500059326 -2.066282890202016
38 45 -7.22710671457052 -6.964421486214225 -2.2591967589269917 -2.035054641656209
38 53 -7.09747905722598 -6.927602431980072 -2.1899207843191313 -2.1576817622282953
38 55 -7.110850821334275 -6.850647260456239 -2.2577753587097695 -2.04725222375786
38 69 -7.071854115465822 -6.73959304316393 -2.6903485954415642 -2.102862716235341
38 74 -7.380312433135906 -6.79959880781198 -2.384117722025039 -2.2445974329604543
38 79 -7.248110858271845 -6.9828046455989 -2.1751869865114863 -2.151671405391888
38 92 -7.123745250148749 -7.067063986847974 -2.1464973824429134 -2.068079340186339
39 47 -7.024382347205078 -6.912058714275189 -2.3221304834139356 -2.058498246331424
39 54 -7.317181101366128 -6.979926656661518 -2.268057493268472 -2.2642454908190133
39 59 -7.255618884025793 -7.108130849360535 -2.200399417395739 -2.0187802295304227
39 60 -7.197212958329181 -6.5986830159427425 -2.185705760157098 -2.1134475431030046
39 69 -7.2445939986492345 -6.606897667104418 -2.517210741055861 -2.190398605419977
39 82 -7.171628400867528 -6.867199012588802 -2.1155606062671537 -2.0865890220700565
39 84 -7.144358626115554 -6.792841274199375 -2.3092776309688263 -2.0608383269851123
39 96 -7.163071264074497 -6.85672018165436 -2.214771038766177 -2.087554717856086
40 50 -7.030008774990012 -6.887859068230548 -2.5056708089500908 -2.414243700601658
40 66 -6.9890113561196365 -6.926619342451914 -2.329122039696772 -2.141652400972144
40 67 -6.988883424397785 -6.949518390870947 -2.378025566634468 -2.190138870293484
40 70 -6.9025003570014345 -6.758066590421043 -2.3295391596980686 -2.2392787982913664
40 74 -6.975250705109928 -6.783623472831677 -2.389519413828152 -2.366546869621454
40 80 -7.060353307503863 -6.92705896240134 -2.4225334927573243 -2.229198240960555
40 82 -6.972084964138334 -6.902703403793975 -2.403470852937327 -2.214455511635152
40 89 -7.019989009559294 -6.875971312611256 -2.4794822459397534 -2.288533109009458
40 90 -6.935043324116275 -6.866109077112624 -2.2537955526315288 -2.1825400632113903
40 93 -6.8670091293469175 -6.825117124592372 -2.216572103151794 -2.175448959146129
40 98 -7.01650715477246 -6.989979910720133 -2.3740969520220876 -2.138952381083333
41 42 -6.938092948569382 -6.82215398076904 -2.0550127604466173 -2.054347765652367
41 45 -7.003341715027637 -6.899715775111782 -2.0929440553370275 -2.045662526888338
41 66 -7.030815421465835 -6.847164897121688 -2.0564464418930486 -1.9291814233601654
41 67 -7.04408324209798 -7.016044584947735 -2.2457624881126175 -2.213954992741595
41 68 -7.011199373228039 -6.974234793213639 -2.201415952600974 -2.1852563810872265
41 85 -7.237906978011413 -6.835196566831338 -2.325827109685935 -2.081916666857662
41 93 -7.093871810966533 -7.051010456754346 -2.2684497412015405 -2.1473010097778635
42 44 -6.957137274268671 -6.88122949596689 -2.161579931663642 -2.047925429615081
42 45 -7.120170888805529 -6.880790092451991 -2.2046877647073964 -2.030380046745835
42 52 -7.0218924730623575 -6.895892626321089 -2.033935674550535 -1.947053633885211
42 58 -6.989352601922335 -6.955844026909606 -2.359669962630497 -2.143040731681835
42 65 -6.946761204508456 -6.827730224022064 -2.227382042213932 -2.0518930411117156
42 66 -7.000016145593091 -6.976513465505608 -2.1138349458049244 -1.9885064666507286
42 67 -7.127521032741932 -6.940568665209601 -2.2136606202930196 -2.039847816836682
42 76 -6.982451711019073 -6.922993709007976 -2.087876633150087 -1.9176894068416768
42 85 -7.005413321484088 -6.804083511761612 -2.1360725648746954 -2.0082095726698146
42 98 -7.094655690136229 -6.9959363795307175 -2.154589118178578 -2.1216360328701196
43 44 -6.860570740563463 -6.8601101298719245 -2.1730933531305077 -2.128149101407183
43 52 -7.074397543459457 -6.997067653728828 -2.2462771497031317 -2.0287916357369906
43 53 -6.857027359233476 -6.837163784341782 -2.1550232105622946 -1.9735397202827585
43 55 -6.919295407950403 -6.831418960843013 -2.2267281579002653 -2.046782389482387
43 56 -7.064355958434466 -6.961025631851115 -2.247606375418031 -2.053443389451172
43 59 -7.108557357927945 -6.870302911866784 -2.151711215520025 -1.9622809892786106
43 62 -7.1576880489329735 -6.841279119552784 -2.1686698784283513 -2.0708553811787063
43 71 -7.083241469212645 -6.6188526264254754 -2.3474354010072576 -2.0807995335120077
43 92 -7.134583200460765 -6.837995053190232 -2.13956667155307 -2.045299928017354
43 97 -6.8850365377304845 -6.686542520617491 -2.1850343081970003 -2.110343218720063
44 55 -6.9651235493699994 -6.814456390842262 -2.1954064376336655 -1.995439471481542
44 58 -7.01080950777763 -6.723290900333153 -2.4775862710896783 -2.2373437820977236
44 71 -7.0542133222346175 -6.756418366264919 -2.213088744641569 -2.046930477805593
44 92 -7.0852263089539385 -6.826399121505728 -2.098610801753959 -2.018204476041635
44 97 -6.881762116263558 -6.7419429263670345 -2.1557050362317893 -2.154171590605312
44 99 -7.237451057745373 -6.901777976741102 -2.1796764070204997 -2.165693676264068
45 65 -6.92743840355926 -6.902578174715574 -2.2111942335389103 -2.179211316510613
45 67 -7.045075483713995 -6.991521609371118 -2.122078444013061 -2.056784297749281
45 74 -6.9982005768789834 -6.766417003051951 -2.3688818862755943 -2.0979372155475553
45 85 -7.013039629045583 -6.997858150350446 -2.0684862337536973 -2.0203737687009586
46 48 -7.266389905607828 -6.6656184854062985 -2.2712894849300564 -2.1277153367691874
46 50 -7.043714621085519 -6.910525380109882 -2.4222565440126718 -2.1348578031272925
46 51 -7.288566492331071 -7.055515316233364 -2.016581185349119 -1.9965097446793616
46 57 -7.2125801456542895 -7.005430870779851 -2.1673881999666182 -2.0440811976067232
46 58 -7.083249676948807 -6.959143600377482 -2.327425644358634 -2.109808891116684
46 80 -7.096549772790475 -7.0818801182915925 -2.149044506050274 -1.8748090729498106
46 83 -7.099703701182974 -7.091316280620246 -1.9840899962897056 -1.9006778537753102
46 87 -7.216853673941951 -7.061070370484216 -2.2768186179811383 -2.0505385751020375
46 89 -7.139086636960926 -7.1123047492711695 -2.124951556250944 -1.9430132534238527
46 91 -7.143688549078759 -6.7917335445152975 -2.310765536669202 -2.1297907150946527
46 95 -7.143328316479713 -6.754455191628446 -2.2810603352052814 -1.966030291037684
47 57 -6.880439769553796 -6.755340108909793 -2.192112026684445 -2.1819961402199897
47 61 -7.065814475464828 -6.857505147787505 -2.310148468274021 -2.1750051120624962
47 62 -7.034888746186928 -6.922275641632902 -2.2752831669191846 -1.926829632774703
47 65 -7.201207288987059 -6.668585787196301 -2.4532677675267163 -2.242367528542173
47 69 -7.041308343582094 -6.567610186684201 -2.488803045500418 -2.368697624659882
47 72 -6.911516826968986 -6.91005808546944 -2.2676057763585757 -2.145164009328511
47 80 -7.028536527148436 -6.853152957252066 -2.2268964238155062 -2.103394326633109
47 87 -7.033528414951493 -6.929459804306393 -2.382884572794832 -2.092705882533054
47 95 -6.869261675968414 -6.765980619916551 -2.285436818112536 -2.239157177706521
48 50 -6.928074172165212 -6.656990760667888 -2.477301633656354 -2.2274346950923958
48 51 -7.040825692325141 -6.712063566584082 -2.288270025675829 -1.9728107818752891
48 57 -6.999705614225862 -6.760442019415854 -2.353817986828592 -2.2810395012903153
48 58 -6.8399247333248505 -6.740814516037102 -2.439975021190142 -2.2230749576818707
48 64 -7.253027959244581 -6.698688716178496 -2.29596016874229 -2.286393183500285
48 78 -6.982394373654921 -6.729681190801714 -2.345626979773445 -2.0877943524596416
48 81 -7.196200556774553 -6.766584599495058 -2.341641561459275 -2.0313515672728184
48 83 -7.202560614532636 -6.67884404797042 -2.2487836085693473 -2.105094453994243
48 87 -7.07233772074252 -6.639034416046718 -2.2373435164061926 -2.213747750014523
48 88 -6.9989728574566605 -6.719675721962095 -2.3757006665682714 -2.2987645387450946
48 97 -7.022135000096525 -6.502163608988698 -2.4895873534867436 -2.161306218951319
49 50 -6.823262977284221 -6.71869131092139 -2.3894370890512104 -2.325080562647547
49 51 -6.963805191889086 -6.7224373569223586 -2.3105229636695044 -2.00502682077181
49 70 -7.058295206726521 -6.6581119766787635 -2.6445315748975573 -2.3005688441392307
49 78 -6.989165003285278 -6.733382373871844 -2.355349485106568 -2.097585644761225
49 82 -6.918653115053684 -6.746221363320107 -2.3518767303258934 -2.2201528621722573
49 89 -7.020151746239212 -6.638216884646595 -2.260794885734125 -2.1667453738525757
49 91 -6.858131633479332 -6.6464315375220036 -2.4553896236580344 -2.14948936857981
49 95 -6.7467147813554496 -6.688480173291483 -2.375829482966172 -2.3446362198290482
50 51 -7.08999911493804 -6.85893966847645 -2.4975741907797278 -2.237129684826442
50 54 -6.8935651019380515 -6.848902210711474 -2.3859588559512552 -2.125614618024387
50 64 -6.914373932090978 -6.881402764535806 -2.5143816809389223 -2.1684978057145683
50 80 -7.0494086408610475 -6.9019955303710425 -2.4291171289278757 -2.1409705716310077
50 82 -6.891280585801619 -6.793965950834309 -2.3178519379497997 -2.117886932302223
50 83 -7.019974682082598 -6.873263005442063 -2.415226410936045 -2.1107378061963957
50 89 -7.018346486362186 -6.973953636467461 -2.443827041860716 -2.2006371395932893
51 54 -7.000709088549653 -6.866773980650068 -2.132538091776293 -1.8867019609102247
51 80 -7.142598317004208 -7.0019078853553856 -2.2177730280266728 -1.8858064815155262
51 89 -7.112691992177535 -7.024778218578628 -2.200877281879894 -1.9118442845238004
51 91 -7.083524692529211 -6.806618604800284 -2.25697330385614 -2.1274051854043328
51 95 -7.016024501624297 -6.8420471833852226 -2.3334460244699144 -2.049974729307358
52 56 -7.184767301079825 -7.140382305871926 -2.0924240329391774 -2.006640555566668
52 59 -7.276077640507788 -7.099715366308856 -2.013233509181274 -1.880346730550874
52 60 -7.26177344651032 -6.677197158790393 -2.2907643151347448 -2.065301790647395
52 71 -7.195719527001643 -6.974966394411499 -2.2278769510217966 -2.0971223600189144
52 85 -7.1346306987660215 -7.1020685847181735 -2.1822638596107806 -1.967396458876384
53 55 -6.918290882071353 -6.804390359795971 -2.0000165122946503 -1.9691656773613604
53 56 -7.051914773845084 -6.931368155015024 -2.0130554128816134 -1.946379148882446
53 72 -7.067263062013447 -6.865072918858084 -2.236486610832918 -1.9625604001872037
53 74 -6.720427287203989 -6.677742941226478 -2.21753078849368 -2.0020230735021287
53 75 -6.96533204944054 -6.939175381645808 -2.0190701860251954 -1.9427696474646792
53 79 -7.292151910998316 -6.796362028641318 -2.165046812139071 -1.9597120778963573
53 81 -7.273271655262076 -6.850076396217229 -1.9661088273369107 -1.9520496276478052
53 92 -7.0609685977528835 -6.913983864914008 -2.017978596481853 -1.9380884602789776
53 94 -7.074642331858362 -6.889205508074337 -1.9814469545757778 -1.95646911094895
54 59 -7.177664027509913 -6.907394854288763 -2.151469354901888 -1.9350794120381356
54 69 -6.907418284400071 -6.688715471197159 -2.6337561225875348 -2.1520425576513023
54 77 -7.071042092462168 -6.90603216215875 -2.1504153424709562 -2.100611851866861
54 79 -7.131174089710925 -6.906831380266494 -2.1519513162487884 -2.020805488096771
54 82 -6.906504300896041 -6.780395657321686 -2.151472106075029 -2.044308122762639
54 84 -6.907507891678217 -6.674243263035911 -2.2663245131299514 -2.1527046153873806
55 56 -7.170462479621778 -6.818988284636229 -2.188964372234556 -2.011883723626937
55 61 -6.973694649257888 -6.77040423803681 -2.1346352682108867 -2.0591153685795174
55 63 -6.9665764468218985 -6.907690370604381 -2.264903222867631 -2.1366255632101914
55 68 -6.758648137684407 -6.705956685778179 -2.0216537478764693 -1.9799717984111247
55 71 -6.889868613553065 -6.857711041968509 -2.306457174988954 -2.074077713396924
55 75 -7.078752528605868 -6.8351133481659545 -2.0041540206327224 -1.9864226522448252
55 92 -7.145700656936744 -6.838303216111966 -2.0681381662891893 -2.007087231700797
56 59 -7.29312277231359 -7.046035518655181 -2.0073450991322592 -1.9661308927749335
56 71 -6.912446848340326 -6.896271745386994 -2.178847719505461 -2.0341342102537463
56 75 -7.240531016060218 -7.01517980623235 -2.1234147465362168 -2.0712797121300603
56 77 -7.208452955728135 -6.959533655033878 -2.1886639124132548 -2.0389947501148016
56 81 -7.244937306920056 -7.08795041200944 -2.0488123302818293 -1.9394305720091052
56 92 -7.212099527369616 -7.049753678395606 -2.128022123988764 -1.9081754299046698
57 61 -7.008902232869603 -6.948132830072362 -2.187395058556679 -2.1101366814014804
57 62 -7.097806260707498 -6.8690859917889435 -2.115907166968172 -1.9290798805166287
57 69 -7.150388496588458 -6.570878128280033 -2.5014917758389275 -2.279697453295508
57 76 -7.1240857862703235 -6.991364246213848 -2.240474453435216 -2.090081943868209
57 80 -7.0506540626869105 -6.882077339179925 -2.1549141266004153 -2.14107442338155
57 83 -7.216967390820983 -6.9131894361611055 -2.166762260981235 -2.0908861975161286
57 87 -7.171451417397576 -6.9438902580171735 -2.2889898258978607 -2.156766764734309
58 66 -7.062106073664204 -7.0074491217913595 -2.373267825943473 -2.157357432074704
58 87 -6.9680174263171235 -6.813198905560714 -2.3280632957845766 -2.1816966219661986
58 90 -7.097055740697718 -7.0322305717770845 -2.37359682018487 -2.15458840826882
58 91 -6.946624832224172 -6.661900406102348 -2.279351629310797 -2.1571363980356226
58 97 -6.970173257261921 -6.790699685286708 -2.3998785364273876 -2.19954967684379
58 99 -7.1681903447949455 -6.934571116803979 -2.341034944655673 -2.143816014494082
59 60 -7.173388740129391 -6.539823614033107 -2.1960385339244506 -1.9557074000768602
59 71 -7.211924494755951 -6.8150862217204216 -2.1459200775780247 -1.9801221764060701
59 73 -7.2834737117767485 -7.037957172162259 -2.0362097159064 -1.9337209863064382
59 77 -7.174286809511562 -7.036941586107545 -2.062025675879824 -1.9862049807556337
59 84 -7.272773287341327 -6.70719237782461 -2.3082298222980606 -2.074766000503717
60 69 -6.675342884926463 -6.66958230985447 -2.6477684509219164 -2.252061515360409
60 87 -7.202157807443394 -6.532701100199127 -2.396288647980592 -2.1245755048573907
60 91 -6.91189655752667 -6.569342039306479 -2.31460853008777 -2.158537637680188
61 62 -7.066436449785899 -7.053097972605303 -2.149713342549237 -1.807022803561116
61 63 -7.127672299471414 -6.989011927183379 -2.3878161052455513 -2.282440729626717
61 65 -7.09898432433803 -6.945718342063334 -2.2334483059921735 -2.0719932628205395
61 68 -6.999679773821129 -6.806759549283077 -2.1369456466737966 -2.0129471817345688
61 69 -7.011044575931517 -6.650698977417419 -2.6000452194734804 -2.114143490471713
61 72 -7.026926519357074 -6.915164568770403 -2.1306806560955596 -2.106672337372745
61 73 -7.077005248664343 -6.912774830314323 -2.153813777702012 -1.885923637921573
61 76 -7.085927050892968 -6.932647955251894 -2.035519553724982 -2.034427060168238
62 63 -7.127888938340691 -7.013663474787669 -2.377554314243482 -2.119461401340988
62 69 -7.308200734400393 -6.695149001882445 -2.590341643533032 -1.9802187341669262
62 72 -7.2026463404041365 -6.971692881973357 -2.2081114357599105 -1.9332292683087005
62 73 -7.122459756830229 -7.103445223972041 -2.105402284692135 -1.865457254162873
62 87 -7.054526494632165 -7.0176694175933685 -2.17737891880952 -1.9078469949688797
62 92 -7.1804676786910075 -7.138727722723808 -2.0627628461943597 -1.922834122615601
63 64 -7.051105193785305 -7.049395148789741 -2.4145494814681476 -2.1631516854897272
63 68 -7.011780121740032 -6.84971592811284 -2.2534150655244334 -2.2206395533496086
63 72 -7.012478905881123 -6.720776101282094 -2.3884885928031245 -2.1399629606244392
63 73 -7.125425591167833 -7.036358150275811 -2.3073869823356774 -2.1321752636389966
63 86 -6.947793967114482 -6.79855540163195 -2.3106726757812024 -2.049742008449724
63 88 -6.899522316750057 -6.813341650762511 -2.3220498147859185 -2.176455668650378
63 96 -6.7533195590600865 -6.730129809864729 -2.256825672839408 -2.1137864029585294
64 72 -7.113158589916569 -6.943237052163234 -2.1365746360190423 -2.122782493634002
64 78 -7.124631326436358 -6.924353049285853 -2.342768939378223 -2.0483308222295546
64 81 -7.102885319547913 -7.077187797750133 -2.221191477546022 -2.025250904101822
64 83 -7.106235795016725 -7.072329082414101 -2.145949156695948 -2.0371697717469264
64 88 -7.023963504651288 -7.015811048143292 -2.313886437955473 -2.0991875771530966
65 66 -7.067395565271595 -6.92084587469397 -2.1437631073772025 -2.0585776965404063
65 67 -7.075326671685385 -7.021832143138216 -2.3224959058327217 -2.1386708890892576
65 76 -7.083306282695014 -6.943482061696037 -2.1654597434303446 -2.0600103975139428
65 80 -7.0458965541733285 -6.9835989085338595 -2.1993117149350443 -2.1231781283797355
65 95 -6.998153389737261 -6.796926531428151 -2.308825719289708 -2.222701528146836
65 98 -7.09173901214631 -6.959815936050147 -2.249219232123265 -2.1762579463072886
66 67 -7.138240941186429 -6.962766762929709 -2.0913568974177967 -2.014955012730576
66 80 -7.179500402146905 -6.961982031223359 -2.0773845176381287 -2.0277492672186477
66 89 -7.157125325726345 -6.9498563391925865 -2.0747824252662457 -2.0327914225167873
66 90 -7.215984301531149 -6.994132815271552 -2.264621178727788 -2.041206630539771
66 91 -6.980188625577725 -6.8902568784707485 -2.3399451772871123 -2.1315014416307685
66 93 -7.192956856075771 -7.049052773337207 -2.1095643295845083 -1.9555184670790133
66 98 -7.223380175469977 -7.076821225049482 -2.116698761914082 -2.0825067302656244
67 68 -7.028196411069685 -6.946363362179169 -2.139347535284673 -2.128983692514105
67 70 -6.949724449910931 -6.941721902826789 -2.3555305519331546 -2.039301263876242
67 80 -7.039199134561802 -6.980765738586022 -2.127684154089646 -2.101317209384413
67 85 -7.099055836713971 -6.945318736817424 -2.246582517107684 -2.1083101993983893
67 89 -7.078918753715931 -7.032132885496517 -2.1382853611960795 -2.100341756771075
67 93 -7.139031074814631 -7.010824522256296 -2.1685433140620782 -2.1118220101597203
67 95 -7.035522446950873 -6.573649260015164 -2.2116869910032184 -2.1775791569255443
67 98 -7.198767600393835 -7.004733970786078 -2.255570401374213 -2.075045355150131
68 73 -7.076035387738931 -6.905403216794218 -2.2580817491431517 -2.1366202051667345
68 76 -7.138478113613197 -6.9068010993403455 -2.115793129335084 -2.0934853311510397
68 85 -7.139393944485219 -7.005133944846571 -2.2189515608421244 -2.1970036547116263
69 72 -6.901791036515573 -6.75720635157284 -2.6393058563870713 -2.108775088691269
69 79 -7.081763516441174 -6.721357622413774 -2.6636663208563287 -1.9723091551798573
69 87 -7.192104182338195 -6.681629783913142 -2.626614425793072 -2.348619484808479
69 92 -7.020184396999968 -6.8791595561127385 -2.681943368132461 -2.13269703161666
70 78 -7.0215914339674566 -6.945583437461174 -2.4162296042665554 -2.1465796440095195
70 82 -7.035329446879652 -6.916956364369704 -2.4648074868238585 -2.237247742259964
70 86 -7.102370503712207 -7.064445222971007 -2.460072668761798 -2.1867388179320044
70 88 -6.897571219296174 -6.883980290737146 -2.421712047974344 -2.1814635788747414
70 89 -6.964649656800478 -6.942317220738907 -2.3102284149824017 -2.0400661745450397
70 93 -6.915794164993392 -6.8522051111896385 -2.2544669790269136 -2.1905071339151334
70 95 -6.935838853553871 -6.688142622622305 -2.449685723325372 -2.0869507532737996
70 96 -6.968831929465633 -6.958801350396543 -2.3588753188118727 -2.295422363173556
71 85 -7.169243396078884 -6.880223642681442 -2.247378825754946 -2.1918331143778933
72 73 -7.155656566907103 -6.8486533549201045 -2.0940457450529237 -1.941996549347866
72 79 -7.048793897300191 -7.040826660575769 -2.1798230973219725 -1.9318193907243124
72 81 -7.213379888511074 -6.939709419836227 -2.217857789801095 -1.9014036248337542
72 92 -7.152664615710852 -7.098345672274992 -2.1948164632780016 -2.0828957417013183
73 84 -7.022709349210322 -6.71555095503989 -2.3307779546442875 -2.1043935635096838
73 86 -6.9701191739257995 -6.890346084914506 -1.9546133805374906 -1.9250582533014078
73 88 -6.909634598385747 -6.882362160334376 -2.201811453892786 -1.9591454342937094
73 96 -6.932187996978844 -6.897239897595162 -2.268347929200719 -2.016720569737768
74 77 -7.184870863482532 -6.737503777604292 -2.3304213923424553 -2.208680310486377
74 79 -6.882094262510586 -6.848372491361469 -2.396299511519951 -1.996781957684356
74 90 -7.060306297003916 -6.792714013479094 -2.3610963301939396 -2.148362531057335
75 77 -7.068311363868133 -7.037925411563882 -2.097610918598426 -2.075352700754402
75 81 -7.210058796289862 -7.037995771359146 -1.9256396802784905 -1.9005706471200654
75 94 -7.147228860072608 -7.037918811459871 -2.0107603263555873 -1.9248912295068281
75 97 -7.039416357057002 -6.666135453890729 -2.084906225228111 -1.9432507415585285
76 80 -7.082201392548093 -7.073488111158428 -2.1622545067825234 -2.0247615592879478
76 83 -7.151825003275582 -7.106810120442823 -2.086975632721037 -2.066415083935227
76 98 -7.304924297682713 -6.995381417709629 -2.324140720055561 -1.9457688448904156
76 99 -7.279147627092539 -7.123368069817355 -2.1999091693502253 -2.088399916960843
77 81 -7.188688216244063 -7.027704854558576 -2.0569127089653807 -2.0371576665016957
78 81 -7.214429881676813 -7.004406155960052 -2.112203742641228 -1.960343934141097
78 86 -6.978074505103965 -6.934414213682984 -2.053248523841145 -1.9418030896420215
78 88 -6.978623064958557 -6.865538227711975 -2.303488710310207 -2.085526982043483
78 97 -6.99707484960477 -6.6386085420755006 -2.120881938557903 -2.0556869252969476
79 90 -7.159028124350211 -7.044864262133325 -2.1143587807065103 -2.0784455452930035
79 92 -7.144044674341077 -7.0889084819905595 -2.0275611575031323 -2.021335311480061
80 83 -7.031730351311358 -7.026527967033581 -2.1081194633112497 -1.9513606240015369
80 87 -7.074921677616205 -6.9416472302972645 -2.2456279150303606 -2.086656701178088
80 89 -7.199602559932392 -7.163830973718655 -2.3040408881942698 -2.1698277892727456
80 95 -7.119215378687741 -6.66443626357093 -2.2501739982273126 -2.2265822733374114
80 98 -7.207771172888327 -7.013838931729753 -2.323846585636362 -2.0796626118880264
81 92 -7.173775676160137 -7.118300864685037 -2.039559602822917 -1.9005109222440952
81 94 -7.252944884940418 -7.123759940401568 -1.9986219486078323 -1.9403358100510935
81 97 -7.23339535126217 -6.659909479561385 -2.0868968236935115 -1.9505356871621171
82 84 -6.780971223556441 -6.714009671307583 -2.390584866828953 -2.2099646402223208
82 86 -6.872320597069741 -6.781330638384988 -2.0558828249142684 -1.9914418723505156
82 89 -7.0199012020984295 -6.830053176545823 -2.138411742011085 -2.0848152353066025
82 96 -6.899916008432496 -6.7871773052885205 -2.235549527087 -2.042654268194173
83 86 -7.075204483630464 -6.749725570886156 -2.020030618298121 -1.8241953229052703
83 88 -6.958114784267169 -6.817743405609794 -2.269223361101502 -2.207182928990328
83 98 -7.079616949334523 -6.950479549771236 -2.3398570131227787 -1.9016934730476405
83 99 -7.1574994086611206 -7.044044440237085 -2.2176097371266694 -1.990712097155036
84 86 -6.9694427533284555 -6.638445963892493 -2.216494002753553 -2.0320190332158137
84 96 -7.029579575111051 -6.622136312517076 -2.3562125601080326 -2.179753936021974
86 88 -6.892566566585844 -6.789909610960689 -2.167244436341083 -1.9492113727593428
86 96 -6.780992921570256 -6.755270884455161 -2.1296042481996214 -1.8985626169181216
87 91 -7.041870891968787 -6.773637344297348 -2.2830795027654887 -2.2070104047509647
89 95 -7.014992506322802 -6.784774626248389 -2.2897890922979043 -2.09129987081479
89 98 -7.215442592258936 -7.014918059168703 -2.2103273699384385 -2.091321215267555
90 91 -7.069673797782848 -6.794681532230016 -2.238693020306103 -2.122212733856928
90 93 -7.09334720611781 -7.067964151365737 -2.14347397833158 -2.1193776233817414
90 94 -7.140494790221027 -7.069999189409628 -2.1211413367658016 -2.0132033598424615
90 97 -7.069657854126359 -6.669439195214322 -2.121033641022645 -2.0881349221574723
90 98 -7.140743784822913 -7.070409670603021 -2.2102704649686276 -2.1221666556705348
90 99 -7.139186658143739 -7.0685712708335355 -2.128994035012855 -2.120265900598795
94 97 -7.059551460534517 -6.725127318390638 -2.1290008472056714 -1.9830976450730837
94 99 -7.2059230416390765 -7.123375421272867 -2.062373841852749 -2.009188830781759
97 99 -7.212464039336639 -6.670174555737824 -2.128563157712491 -2.0889804251809037
98 99 -7.303486443995016 -7.227557222822928 -2.275887638314895 -2.2182270604658934
