-6.858340412848249912e+00 -6.767457171080128120e+00 -2.382106587394536845e+00 -2.117887145334298005e+00
-7.323168389472817452e+00 -7.007370903685628427e+00 -2.040962450282709284e+00 -1.932882711550671040e+00
-7.402610219791290191e+00 -7.164851605273085511e+00 -1.953930337099566650e+00 -1.846595330016454595e+00
-7.072949027929893440e+00 -7.023536893452470231e+00 -2.197263808061246770e+00 -1.937881996293391307e+00
-7.127047658865491186e+00 -6.874286898917651989e+00 -2.326069403044672246e+00 -2.069751576019033035e+00
-7.295626233670871486e+00 -6.878575583047181752e+00 -2.003798102791424451e+00 -1.900392401226932648e+00
-7.073368192969631707e+00 -6.975634755272883680e+00 -2.221796945688780500e+00 -2.021542383815777555e+00
-7.501579384936770012e+00 -7.193553507595971119e+00 -2.003978349657535407e+00 -1.852680715392495348e+00
-7.315150104375231166e+00 -6.850527841542820795e+00 -2.179851960164870928e+00 -1.974872168859312938e+00
-7.132266883035571325e+00 -7.020186807795466777e+00 -2.026446880756836766e+00 -1.847486986927441954e+00
-7.229317706356312989e+00 -6.803806243281432131e+00 -2.244186760017136795e+00 -1.993621358923150622e+00
-7.178704976480507760e+00 -6.810584058317323830e+00 -2.703577174246007520e+00 -2.008474238234261744e+00
-7.161046096274059636e+00 -7.150736988742806943e+00 -2.078181476119047133e+00 -1.905466550755903654e+00
-7.400252157846055390e+00 -7.030647629079228800e+00 -2.082132192107326585e+00 -2.012754550936270093e+00
-7.290084819857608700e+00 -6.916137831338840414e+00 -2.264124879956251668e+00 -2.075107721275871508e+00
-7.246736245183622138e+00 -6.922484840330833222e+00 -2.130494463901855706e+00 -1.964974666564344830e+00
-7.277441483211384288e+00 -7.109125340741483612e+00 -1.951811315315781226e+00 -1.794230993947366848e+00
-7.236078773903884986e+00 -7.138730754805665768e+00 -2.119944470090981081e+00 -1.909977238111063347e+00
-7.470725068226313326e+00 -6.628953476817477153e+00 -2.282797069817616098e+00 -2.097076999224948501e+00
-7.276869952728520552e+00 -6.867444818482015378e+00 -2.145481568340595668e+00 -1.961502691346912464e+00
-7.449086404795099092e+00 -6.834161126579972212e+00 -2.180491885502553906e+00 -2.081687948638998975e+00
-7.246629836396813573e+00 -7.135789285672093918e+00 -2.040973422678157068e+00 -1.982155891872547926e+00
-7.277589832138569470e+00 -6.987732955863407369e+00 -1.960162024508991685e+00 -1.818943023407408655e+00
-7.229838027570021808e+00 -7.182331398446239135e+00 -2.248197229100723504e+00 -1.976445032148215875e+00
-7.150059932335549817e+00 -7.131752343654274462e+00 -2.059825943178432262e+00 -1.879236890359247791e+00
-7.062750521550480443e+00 -6.978337848592685688e+00 -2.346940129272475861e+00 -2.129385780647127469e+00
-7.403021510751594647e+00 -6.982055375350136650e+00 -2.090814941086566847e+00 -1.899321790272633148e+00
-7.292819310107882202e+00 -6.900086664084517984e+00 -2.160886731939025918e+00 -1.901320967233282477e+00
-7.380854002836394478e+00 -6.934933198466927351e+00 -2.025988485811320405e+00 -2.008554789080215119e+00
-7.230426251709285879e+00 -7.118598956192442984e+00 -2.162264915396870268e+00 -1.995270407867171025e+00
-7.302058639903625803e+00 -7.099888892230540094e+00 -2.065042878938563309e+00 -1.845869284822587941e+00
-7.128997361138811328e+00 -6.805493786838888504e+00 -2.073210453413651955e+00 -1.883939069161951307e+00
-7.486504973874142266e+00 -6.872808019012757619e+00 -2.338958404233373756e+00 -1.957666469665523268e+00
-7.082882351524640185e+00 -6.934587837788575904e+00 -2.111673130811404064e+00 -1.983356465106322242e+00
-7.335155433063205166e+00 -6.977164593118983404e+00 -2.102609200969419945e+00 -1.917773013029060003e+00
-7.259769304149061853e+00 -7.202179706447758178e+00 -2.086612470699167776e+00 -1.891671401727338608e+00
-7.352602394961802013e+00 -6.994951437789259430e+00 -2.061083250910102915e+00 -1.993335530373635311e+00
-7.254891410102540128e+00 -7.024141638660230669e+00 -1.946734540372769828e+00 -1.836243563525883804e+00
-7.354392690500353602e+00 -7.120915372783774622e+00 -2.202517240360851503e+00 -1.856187547114114489e+00
-7.238409465100624551e+00 -7.195514832226622914e+00 -2.116702143547855464e+00 -1.965590876911050833e+00
-7.007115950999478926e+00 -6.952611003521036004e+00 -2.339602551777140160e+00 -2.149588232918933972e+00
-7.417419041567016258e+00 -6.933452467863290281e+00 -2.138277556441822380e+00 -1.951834056084173152e+00
-7.061725184781893816e+00 -6.990122128754276076e+00 -2.104214556671188507e+00 -1.935944481606988621e+00
-7.124273475250729071e+00 -6.865606104988165370e+00 -2.159631262081859404e+00 -1.975124617252655757e+00
-7.186089402589578512e+00 -6.858898626490282702e+00 -2.127810569383494332e+00 -1.860480327002053347e+00
-7.291959548429925775e+00 -6.946658298900593387e+00 -2.039309403446305069e+00 -1.959755261627086353e+00
-7.486230645064850364e+00 -7.201984800664023467e+00 -1.962477691085661613e+00 -1.921334403007766145e+00
-7.277392454431895530e+00 -6.888469109500415577e+00 -2.254921185244838089e+00 -1.913113391789135198e+00
-7.308661467458387406e+00 -6.729184419488080771e+00 -2.310768061358832171e+00 -2.025025355161772289e+00
-7.055610379038563806e+00 -6.751383863032860866e+00 -2.368879770642194238e+00 -2.065592404164367846e+00
-7.022271708203901674e+00 -6.868572232593034066e+00 -2.396112273667945214e+00 -2.099819723501060054e+00
-7.406230258346619522e+00 -7.018836202154868253e+00 -1.908392427985531548e+00 -1.808736413205894289e+00
-7.288780977935634731e+00 -7.138009749126773329e+00 -1.887309139133459768e+00 -1.791445943776379890e+00
-7.414038881913231904e+00 -6.843545400389241529e+00 -1.944587011887729533e+00 -1.931663933080710827e+00
-7.177882122687730515e+00 -6.906900526424197828e+00 -2.151507894746815808e+00 -1.894562217340958643e+00
-7.298273118205345078e+00 -6.873332065443741534e+00 -2.047255830438892588e+00 -1.984122294440809009e+00
-7.381956427134860554e+00 -7.110965125432965550e+00 -2.054865018842383595e+00 -1.942628210645114040e+00
-7.263410292495237286e+00 -6.967417256599122588e+00 -2.216897921599936261e+00 -1.993984483832543342e+00
-7.087824704910762108e+00 -6.907625590289824480e+00 -2.297834705786821807e+00 -2.084479673327360505e+00
-7.419825463591481984e+00 -7.240246489218257864e+00 -1.934557494648609710e+00 -1.822153908757493834e+00
-7.251072503681807113e+00 -6.636552959728697410e+00 -2.221812129182691109e+00 -1.996916200213234793e+00
-7.380906743185362551e+00 -6.982547190437540685e+00 -2.085882189851921087e+00 -1.762305606796758628e+00
-7.351075072050186954e+00 -7.150108912688698304e+00 -1.891359275845403642e+00 -1.744068563414282513e+00
-7.078171007860009745e+00 -6.972616033874516894e+00 -2.331364992961602933e+00 -2.078051917368781698e+00
-7.391136310657117292e+00 -7.098625514677059378e+00 -2.177032560180951481e+00 -2.017545079368465721e+00
-7.093000119723497754e+00 -6.961215509544500968e+00 -2.177500594131871914e+00 -2.017785354874834791e+00
-7.255411072598466404e+00 -7.078918299540996273e+00 -2.004626107916385624e+00 -1.846632008613254383e+00
-7.220117841120605284e+00 -7.018646952288342789e+00 -2.095748691703372746e+00 -1.924314917847888440e+00
-7.378272897929807783e+00 -6.975524537693464922e+00 -2.154790301463932689e+00 -2.030541911171033220e+00
-7.443767559443238646e+00 -6.688044153051071916e+00 -2.633451984202171747e+00 -1.942311161195415359e+00
-6.995095832456839524e+00 -6.977566342629115681e+00 -2.368035107917225712e+00 -2.075672861987873041e+00
-7.416738843910509082e+00 -6.823258355315780399e+00 -2.159648865902212389e+00 -1.988494202593617644e+00
-7.275999586659435359e+00 -6.926192773724164198e+00 -2.144004382584030921e+00 -1.803120467827358686e+00
-7.324466957972464165e+00 -7.014544739808487250e+00 -1.999660782282431937e+00 -1.824282882323962296e+00
-7.560366937481555638e+00 -6.732440288705364040e+00 -2.328464482702640836e+00 -2.037611006959475279e+00
-7.242344457886080278e+00 -7.035665589254953112e+00 -1.924723590866519451e+00 -1.782877950420972635e+00
-7.378883779527762421e+00 -7.045033302332154079e+00 -2.005613865609690905e+00 -1.862461220940463846e+00
-7.272412862530422295e+00 -7.071062901080850338e+00 -2.099971342863204082e+00 -2.077811129596068618e+00
-7.322513482905511850e+00 -6.961370867515886296e+00 -2.045091702806515421e+00 -1.884924639699716575e+00
-7.253016161652175775e+00 -7.127961959431845074e+00 -2.020371474180467697e+00 -1.846504163933734954e+00
-7.295229958819271943e+00 -7.035304652311635820e+00 -2.107461983855718923e+00 -1.817027564095129444e+00
-7.343460539534904186e+00 -7.213309515013341056e+00 -1.903483314517758096e+00 -1.864461188036618866e+00
-7.311019990165720017e+00 -6.776704547853364069e+00 -2.043750050247961525e+00 -1.864601019990409725e+00
-7.139242354017858005e+00 -7.057067259604167475e+00 -1.977397969943484490e+00 -1.789474464772659035e+00
-7.299572977030172716e+00 -6.674062411286269203e+00 -2.265959333296150291e+00 -2.024708528947854802e+00
-7.204365775033695130e+00 -7.082044783908237662e+00 -2.158811796134092464e+00 -1.956391133743402122e+00
-7.395144712779750940e+00 -6.861109888551865765e+00 -1.887894167054474215e+00 -1.752374937979715108e+00
-7.159321030617401327e+00 -7.081833538279514784e+00 -2.244109617855403194e+00 -1.966151373072678288e+00
-6.913016000470944000e+00 -6.884081568390089778e+00 -2.204470043963101755e+00 -1.952415054574492048e+00
-7.228363494081290419e+00 -7.015585811068311806e+00 -2.091836976259598746e+00 -1.770984986785027582e+00
-7.139360093104862415e+00 -7.069112533932955245e+00 -2.121622418604002025e+00 -1.901112026457050685e+00
-7.091211890154693442e+00 -6.793481585513503340e+00 -2.238253525417998269e+00 -2.025204664733294635e+00
-7.173017149937163772e+00 -7.079977395424046804e+00 -2.008454086376263881e+00 -1.776551904836490614e+00
-7.324490799028728460e+00 -7.092982123035741715e+00 -2.143142276950037672e+00 -1.760532956046358732e+00
-7.358834456669801405e+00 -7.149983736392140798e+00 -2.012703605994879741e+00 -1.901601016379782294e+00
-7.149955233208799221e+00 -6.784655656302590820e+00 -2.289730936089543700e+00 -1.989595635162738851e+00
-7.453635278302036760e+00 -6.842880527902170940e+00 -2.190140248110043153e+00 -1.955810644417001143e+00
-7.224270082036571061e+00 -6.669031638463435385e+00 -2.087382088093404420e+00 -1.945981051467810197e+00
-7.308921986713990293e+00 -7.215200248993649090e+00 -2.210237297727343897e+00 -1.819368759301034366e+00
-7.366857780298766478e+00 -7.212130823953681436e+00 -2.128769604932440274e+00 -1.840048575068095271e+00
